Squares.png

{
0 568 32 32 0 0 32 32 +
}

{
32 568 32 32 0 0 32 32 +
}

{
64 568 32 32 0 0 32 32 +
}

{
96 568 32 32 0 0 32 32 +
}

{
128 568 32 32 0 0 32 32 +
}

{
160 568 32 32 0 0 32 32 +
}

{
192 568 32 32 0 0 32 32 +
}

{
224 568 32 32 0 0 32 32 +
}

{
256 568 32 32 0 0 32 32 +
}

{
288 568 32 32 0 0 32 32 +
}


{
320 568 32 32 0 0 32 32 +
}

{
352 568 32 32 0 0 32 32 +
}

{
384 568 32 32 0 0 32 32 +
}

{
416 568 32 32 0 0 32 32 +
}

{
448 568 32 32 0 0 32 32 +
}

{
480 568 32 32 0 0 32 32 +
}

{
512 568 32 32 0 0 32 32 +
}

{
544 568 32 32 0 0 32 32 +
}

{
576 568 32 32 0 0 32 32 +
}

{
608 568 32 32 0 0 32 32 +
}



{
64 100 32 32 0 0 32 32 +
}

{
96 100 32 32 0 0 32 32 +
}

{
128 100 32 32 0 0 32 32 +
}

{
160 100 32 32 0 0 32 32 +
}

{
192 100 32 32 0 0 32 32 +
}

{
224 100 32 32 0 0 32 32 +
}

{
256 568 32 32 0 0 32 32 +
}

{
288 568 32 32 0 0 32 32 +
}

