Squares.png
{
224 32 32 32 0 0 32 32 +
}{
256 32 32 32 0 0 32 32 +
}{
288 32 32 32 0 0 32 32 +
}{
320 32 32 32 0 0 32 32 +
}{
352 32 32 32 0 0 32 32 +
}{
384 32 32 32 0 0 32 32 +
}{
416 32 32 32 0 0 32 32 +
}{
224 64 32 32 0 0 32 32 +
}{
256 64 32 32 32 0 32 32 -
}{
288 64 32 32 32 0 32 32 -
}{
320 64 32 32 32 0 32 32 -
}{
352 64 32 32 32 0 32 32 -
}{
384 64 32 32 32 0 32 32 -
}{
416 64 32 32 0 0 32 32 +
}{
1216 64 32 32 0 0 32 32 +
}{
1248 64 32 32 0 0 32 32 +
}{
1280 64 32 32 0 0 32 32 +
}{
1312 64 32 32 0 0 32 32 +
}{
1344 64 32 32 0 0 32 32 +
}{
1376 64 32 32 0 0 32 32 +
}{
1408 64 32 32 0 0 32 32 +
}{
1440 64 32 32 0 0 32 32 +
}{
1472 64 32 32 0 0 32 32 +
}{
1504 64 32 32 0 0 32 32 +
}{
1536 64 32 32 0 0 32 32 +
}{
224 96 32 32 0 0 32 32 +
}{
256 96 32 32 32 0 32 32 -
}{
288 96 32 32 32 0 32 32 -
}{
320 96 32 32 32 0 32 32 -
}{
352 96 32 32 32 0 32 32 -
}{
384 96 32 32 32 0 32 32 -
}{
416 96 32 32 0 0 32 32 +
}{
672 96 32 32 0 0 32 32 +
}{
704 96 32 32 0 0 32 32 +
}{
736 96 32 32 0 0 32 32 +
}{
768 96 32 32 0 0 32 32 +
}{
800 96 32 32 0 0 32 32 +
}{
832 96 32 32 0 0 32 32 +
}{
864 96 32 32 0 0 32 32 +
}{
896 96 32 32 0 0 32 32 +
}{
928 96 32 32 0 0 32 32 +
}{
960 96 32 32 0 0 32 32 +
}{
992 96 32 32 0 0 32 32 +
}{
1024 96 32 32 0 0 32 32 +
}{
1056 96 32 32 0 0 32 32 +
}{
1088 96 32 32 0 0 32 32 +
}{
1120 96 32 32 0 0 32 32 +
}{
1152 96 32 32 0 0 32 32 +
}{
1184 96 32 32 0 0 32 32 +
}{
1216 96 32 32 0 0 32 32 +
}{
1248 96 32 32 64 0 32 32 -
}{
1280 96 32 32 64 0 32 32 -
}{
1312 96 32 32 64 0 32 32 -
}{
1344 96 32 32 64 0 32 32 -
}{
1376 96 32 32 64 0 32 32 -
}{
1408 96 32 32 64 0 32 32 -
}{
1440 96 32 32 64 0 32 32 -
}{
1472 96 32 32 64 0 32 32 -
}{
1504 96 32 32 64 0 32 32 -
}{
1536 96 32 32 0 0 32 32 +
}{
224 128 32 32 0 0 32 32 +
}{
256 128 32 32 32 0 32 32 -
}{
288 128 32 32 32 0 32 32 -
}{
320 128 32 32 32 0 32 32 -
}{
352 128 32 32 32 0 32 32 -
}{
384 128 32 32 32 0 32 32 -
}{
416 128 32 32 0 0 32 32 +
}{
672 128 32 32 0 0 32 32 +
}{
704 128 32 32 32 0 32 32 -
}{
736 128 32 32 32 0 32 32 -
}{
768 128 32 32 32 0 32 32 -
}{
800 128 32 32 32 0 32 32 -
}{
832 128 32 32 32 0 32 32 -
}{
864 128 32 32 32 0 32 32 -
}{
896 128 32 32 32 0 32 32 -
}{
928 128 32 32 0 0 32 32 +
}{
960 128 32 32 32 0 32 32 -
}{
992 128 32 32 32 0 32 32 -
}{
1024 128 32 32 32 0 32 32 -
}{
1056 128 32 32 32 0 32 32 -
}{
1088 128 32 32 32 0 32 32 -
}{
1120 128 32 32 32 0 32 32 -
}{
1152 128 32 32 32 0 32 32 -
}{
1184 128 32 32 32 0 32 32 -
}{
1216 128 32 32 64 0 32 32 -
}{
1248 128 32 32 64 0 32 32 -
}{
1280 128 32 32 64 0 32 32 -
}{
1312 128 32 32 64 0 32 32 -
}{
1344 128 32 32 64 0 32 32 -
}{
1376 128 32 32 64 0 32 32 -
}{
1408 128 32 32 64 0 32 32 -
}{
1440 128 32 32 64 0 32 32 -
}{
1472 128 32 32 64 0 32 32 -
}{
1504 128 32 32 64 0 32 32 -
}{
1536 128 32 32 0 0 32 32 +
}{
224 160 32 32 0 0 32 32 +
}{
256 160 32 32 32 0 32 32 -
}{
288 160 32 32 32 0 32 32 -
}{
320 160 32 32 32 0 32 32 -
}{
352 160 32 32 32 0 32 32 -
}{
384 160 32 32 32 0 32 32 -
}{
416 160 32 32 0 0 32 32 +
}{
672 160 32 32 0 0 32 32 +
}{
704 160 32 32 32 0 32 32 -
}{
736 160 32 32 32 0 32 32 -
}{
768 160 32 32 32 0 32 32 -
}{
800 160 32 32 32 0 32 32 -
}{
832 160 32 32 32 0 32 32 -
}{
864 160 32 32 32 0 32 32 -
}{
896 160 32 32 32 0 32 32 -
}{
928 160 32 32 32 0 32 32 -
}{
960 160 32 32 32 0 32 32 -
}{
992 160 32 32 32 0 32 32 -
}{
1024 160 32 32 32 0 32 32 -
}{
1056 160 32 32 32 0 32 32 -
}{
1088 160 32 32 32 0 32 32 -
}{
1120 160 32 32 32 0 32 32 -
}{
1152 160 32 32 32 0 32 32 -
}{
1184 160 32 32 32 0 32 32 -
}{
1216 160 32 32 64 0 32 32 -
}{
1248 160 32 32 64 0 32 32 -
}{
1280 160 32 32 64 0 32 32 -
}{
1312 160 32 32 64 0 32 32 -
}{
1344 160 32 32 64 0 32 32 -
}{
1376 160 32 32 64 0 32 32 -
}{
1408 160 32 32 64 0 32 32 -
}{
1440 160 32 32 64 0 32 32 -
}{
1472 160 32 32 64 0 32 32 -
}{
1504 160 32 32 64 0 32 32 -
}{
1536 160 32 32 0 0 32 32 +
}{
224 192 32 32 0 0 32 32 +
}{
256 192 32 32 32 0 32 32 -
}{
288 192 32 32 32 0 32 32 -
}{
320 192 32 32 32 0 32 32 -
}{
352 192 32 32 32 0 32 32 -
}{
384 192 32 32 32 0 32 32 -
}{
416 192 32 32 0 0 32 32 +
}{
448 192 32 32 0 0 32 32 +
}{
480 192 32 32 0 0 32 32 +
}{
512 192 32 32 0 0 32 32 +
}{
544 192 32 32 0 0 32 32 +
}{
576 192 32 32 0 0 32 32 +
}{
608 192 32 32 0 0 32 32 +
}{
640 192 32 32 0 0 32 32 +
}{
672 192 32 32 0 0 32 32 +
}{
704 192 32 32 32 0 32 32 -
}{
736 192 32 32 32 0 32 32 -
}{
768 192 32 32 32 0 32 32 -
}{
800 192 32 32 32 0 32 32 -
}{
832 192 32 32 32 0 32 32 -
}{
864 192 32 32 32 0 32 32 -
}{
896 192 32 32 32 0 32 32 -
}{
928 192 32 32 32 0 32 32 -
}{
960 192 32 32 32 0 32 32 -
}{
992 192 32 32 32 0 32 32 -
}{
1024 192 32 32 32 0 32 32 -
}{
1056 192 32 32 32 0 32 32 -
}{
1088 192 32 32 32 0 32 32 -
}{
1120 192 32 32 32 0 32 32 -
}{
1152 192 32 32 32 0 32 32 -
}{
1184 192 32 32 32 0 32 32 -
}{
1216 192 32 32 64 0 32 32 -
}{
1248 192 32 32 64 0 32 32 -
}{
1280 192 32 32 64 0 32 32 -
}{
1312 192 32 32 64 0 32 32 -
}{
1344 192 32 32 64 0 32 32 -
}{
1376 192 32 32 64 0 32 32 -
}{
1408 192 32 32 64 0 32 32 -
}{
1440 192 32 32 64 0 32 32 -
}{
1472 192 32 32 64 0 32 32 -
}{
1504 192 32 32 64 0 32 32 -
}{
1536 192 32 32 0 0 32 32 +
}{
224 224 32 32 0 0 32 32 +
}{
256 224 32 32 0 0 32 32 +
}{
288 224 32 32 32 0 32 32 -
}{
320 224 32 32 32 0 32 32 -
}{
352 224 32 32 32 0 32 32 -
}{
384 224 32 32 0 0 32 32 +
}{
416 224 32 32 0 0 32 32 +
}{
448 224 32 32 0 0 32 32 +
}{
480 224 32 32 32 0 32 32 -
}{
512 224 32 32 32 0 32 32 -
}{
544 224 32 32 32 0 32 32 -
}{
576 224 32 32 32 0 32 32 -
}{
608 224 32 32 32 0 32 32 -
}{
640 224 32 32 32 0 32 32 -
}{
672 224 32 32 0 0 32 32 +
}{
704 224 32 32 32 0 32 32 -
}{
736 224 32 32 32 0 32 32 -
}{
768 224 32 32 32 0 32 32 -
}{
800 224 32 32 32 0 32 32 -
}{
832 224 32 32 32 0 32 32 -
}{
864 224 32 32 32 0 32 32 -
}{
896 224 32 32 32 0 32 32 -
}{
928 224 32 32 32 0 32 32 -
}{
960 224 32 32 32 0 32 32 -
}{
992 224 32 32 32 0 32 32 -
}{
1024 224 32 32 32 0 32 32 -
}{
1056 224 32 32 32 0 32 32 -
}{
1088 224 32 32 32 0 32 32 -
}{
1120 224 32 32 32 0 32 32 -
}{
1152 224 32 32 32 0 32 32 -
}{
1184 224 32 32 32 0 32 32 -
}{
1216 224 32 32 64 0 32 32 -
}{
1248 224 32 32 64 0 32 32 -
}{
1280 224 32 32 64 0 32 32 -
}{
1312 224 32 32 64 0 32 32 -
}{
1344 224 32 32 64 0 32 32 -
}{
1376 224 32 32 64 0 32 32 -
}{
1408 224 32 32 64 0 32 32 -
}{
1440 224 32 32 64 0 32 32 -
}{
1472 224 32 32 64 0 32 32 -
}{
1504 224 32 32 64 0 32 32 -
}{
1536 224 32 32 0 0 32 32 +
}{
256 256 32 32 0 0 32 32 +
}{
288 256 32 32 32 0 32 32 -
}{
320 256 32 32 32 0 32 32 -
}{
352 256 32 32 32 0 32 32 -
}{
384 256 32 32 32 0 32 32 -
}{
416 256 32 32 32 0 32 32 -
}{
448 256 32 32 32 0 32 32 -
}{
480 256 32 32 32 0 32 32 -
}{
512 256 32 32 32 0 32 32 -
}{
544 256 32 32 32 0 32 32 -
}{
576 256 32 32 32 0 32 32 -
}{
608 256 32 32 32 0 32 32 -
}{
640 256 32 32 32 0 32 32 -
}{
672 256 32 32 0 0 32 32 +
}{
704 256 32 32 32 0 32 32 -
}{
736 256 32 32 32 0 32 32 -
}{
768 256 32 32 32 0 32 32 -
}{
800 256 32 32 32 0 32 32 -
}{
832 256 32 32 32 0 32 32 -
}{
864 256 32 32 32 0 32 32 -
}{
896 256 32 32 32 0 32 32 -
}{
928 256 32 32 32 0 32 32 -
}{
960 256 32 32 32 0 32 32 -
}{
992 256 32 32 32 0 32 32 -
}{
1024 256 32 32 32 0 32 32 -
}{
1056 256 32 32 32 0 32 32 -
}{
1088 256 32 32 32 0 32 32 -
}{
1120 256 32 32 32 0 32 32 -
}{
1152 256 32 32 32 0 32 32 -
}{
1184 256 32 32 32 0 32 32 -
}{
1216 256 32 32 64 0 32 32 -
}{
1248 256 32 32 64 0 32 32 -
}{
1280 256 32 32 64 0 32 32 -
}{
1312 256 32 32 64 0 32 32 -
}{
1344 256 32 32 64 0 32 32 -
}{
1376 256 32 32 64 0 32 32 -
}{
1408 256 32 32 64 0 32 32 -
}{
1440 256 32 32 64 0 32 32 -
}{
1472 256 32 32 64 0 32 32 -
}{
1504 256 32 32 64 0 32 32 -
}{
1536 256 32 32 0 0 32 32 +
}{
256 288 32 32 0 0 32 32 +
}{
288 288 32 32 32 0 32 32 -
}{
320 288 32 32 32 0 32 32 -
}{
352 288 32 32 32 0 32 32 -
}{
384 288 32 32 32 0 32 32 -
}{
416 288 32 32 32 0 32 32 -
}{
448 288 32 32 32 0 32 32 -
}{
480 288 32 32 32 0 32 32 -
}{
512 288 32 32 32 0 32 32 -
}{
544 288 32 32 32 0 32 32 -
}{
576 288 32 32 32 0 32 32 -
}{
608 288 32 32 32 0 32 32 -
}{
640 288 32 32 32 0 32 32 -
}{
672 288 32 32 0 0 32 32 +
}{
704 288 32 32 32 0 32 32 -
}{
736 288 32 32 32 0 32 32 -
}{
768 288 32 32 32 0 32 32 -
}{
800 288 32 32 32 0 32 32 -
}{
832 288 32 32 32 0 32 32 -
}{
864 288 32 32 32 0 32 32 -
}{
896 288 32 32 32 0 32 32 -
}{
928 288 32 32 32 0 32 32 -
}{
960 288 32 32 32 0 32 32 -
}{
992 288 32 32 32 0 32 32 -
}{
1024 288 32 32 32 0 32 32 -
}{
1056 288 32 32 32 0 32 32 -
}{
1088 288 32 32 32 0 32 32 -
}{
1120 288 32 32 32 0 32 32 -
}{
1152 288 32 32 32 0 32 32 -
}{
1184 288 32 32 32 0 32 32 -
}{
1216 288 32 32 64 0 32 32 -
}{
1248 288 32 32 64 0 32 32 -
}{
1280 288 32 32 64 0 32 32 -
}{
1312 288 32 32 64 0 32 32 -
}{
1344 288 32 32 64 0 32 32 -
}{
1376 288 32 32 64 0 32 32 -
}{
1408 288 32 32 64 0 32 32 -
}{
1440 288 32 32 64 0 32 32 -
}{
1472 288 32 32 64 0 32 32 -
}{
1504 288 32 32 64 0 32 32 -
}{
1536 288 32 32 0 0 32 32 +
}{
256 320 32 32 0 0 32 32 +
}{
288 320 32 32 32 0 32 32 -
}{
320 320 32 32 32 0 32 32 -
}{
352 320 32 32 32 0 32 32 -
}{
384 320 32 32 32 0 32 32 -
}{
416 320 32 32 32 0 32 32 -
}{
448 320 32 32 0 0 32 32 +
}{
480 320 32 32 32 0 32 32 -
}{
512 320 32 32 32 0 32 32 -
}{
544 320 32 32 32 0 32 32 -
}{
576 320 32 32 32 0 32 32 -
}{
608 320 32 32 32 0 32 32 -
}{
640 320 32 32 32 0 32 32 -
}{
672 320 32 32 0 0 32 32 +
}{
704 320 32 32 32 0 32 32 -
}{
736 320 32 32 32 0 32 32 -
}{
768 320 32 32 32 0 32 32 -
}{
800 320 32 32 32 0 32 32 -
}{
832 320 32 32 32 0 32 32 -
}{
864 320 32 32 32 0 32 32 -
}{
896 320 32 32 32 0 32 32 -
}{
928 320 32 32 0 0 32 32 +
}{
960 320 32 32 32 0 32 32 -
}{
992 320 32 32 32 0 32 32 -
}{
1024 320 32 32 32 0 32 32 -
}{
1056 320 32 32 32 0 32 32 -
}{
1088 320 32 32 32 0 32 32 -
}{
1120 320 32 32 32 0 32 32 -
}{
1152 320 32 32 32 0 32 32 -
}{
1184 320 32 32 32 0 32 32 -
}{
1216 320 32 32 0 0 32 32 +
}{
1248 320 32 32 64 0 32 32 -
}{
1280 320 32 32 64 0 32 32 -
}{
1312 320 32 32 64 0 32 32 -
}{
1344 320 32 32 64 0 32 32 -
}{
1376 320 32 32 64 0 32 32 -
}{
1408 320 32 32 64 0 32 32 -
}{
1440 320 32 32 64 0 32 32 -
}{
1472 320 32 32 64 0 32 32 -
}{
1504 320 32 32 64 0 32 32 -
}{
1536 320 32 32 0 0 32 32 +
}{
256 352 32 32 0 0 32 32 +
}{
288 352 32 32 32 0 32 32 -
}{
320 352 32 32 32 0 32 32 -
}{
352 352 32 32 32 0 32 32 -
}{
384 352 32 32 32 0 32 32 -
}{
416 352 32 32 32 0 32 32 -
}{
448 352 32 32 0 0 32 32 +
}{
480 352 32 32 0 0 32 32 +
}{
512 352 32 32 0 0 32 32 +
}{
544 352 32 32 0 0 32 32 +
}{
576 352 32 32 0 0 32 32 +
}{
608 352 32 32 0 0 32 32 +
}{
640 352 32 32 0 0 32 32 +
}{
672 352 32 32 0 0 32 32 +
}{
704 352 32 32 0 0 32 32 +
}{
736 352 32 32 0 0 32 32 +
}{
768 352 32 32 0 0 32 32 +
}{
800 352 32 32 0 0 32 32 +
}{
832 352 32 32 0 0 32 32 +
}{
864 352 32 32 0 0 32 32 +
}{
896 352 32 32 0 0 32 32 +
}{
928 352 32 32 0 0 32 32 +
}{
960 352 32 32 32 0 32 32 -
}{
992 352 32 32 32 0 32 32 -
}{
1024 352 32 32 32 0 32 32 -
}{
1056 352 32 32 32 0 32 32 -
}{
1088 352 32 32 32 0 32 32 -
}{
1120 352 32 32 32 0 32 32 -
}{
1152 352 32 32 32 0 32 32 -
}{
1184 352 32 32 32 0 32 32 -
}{
1216 352 32 32 0 0 32 32 +
}{
1248 352 32 32 0 0 32 32 +
}{
1280 352 32 32 0 0 32 32 +
}{
1312 352 32 32 32 0 32 32 -
}{
1344 352 32 32 32 0 32 32 -
}{
1376 352 32 32 32 0 32 32 -
}{
1408 352 32 32 32 0 32 32 -
}{
1440 352 32 32 32 0 32 32 -
}{
1472 352 32 32 32 0 32 32 -
}{
1504 352 32 32 32 0 32 32 -
}{
1536 352 32 32 0 0 32 32 +
}{
1568 352 32 32 0 0 32 32 +
}{
256 384 32 32 0 0 32 32 +
}{
288 384 32 32 32 0 32 32 -
}{
320 384 32 32 32 0 32 32 -
}{
352 384 32 32 32 0 32 32 -
}{
384 384 32 32 32 0 32 32 -
}{
416 384 32 32 32 0 32 32 -
}{
448 384 32 32 0 0 32 32 +
}{
576 384 32 32 0 0 32 32 +
}{
608 384 32 32 64 0 32 32 -
}{
640 384 32 32 64 0 32 32 -
}{
672 384 32 32 64 0 32 32 -
}{
704 384 32 32 64 0 32 32 -
}{
736 384 32 32 64 0 32 32 -
}{
768 384 32 32 64 0 32 32 -
}{
800 384 32 32 64 0 32 32 -
}{
832 384 32 32 64 0 32 32 -
}{
864 384 32 32 0 0 32 32 +
}{
896 384 32 32 0 0 32 32 +
}{
928 384 32 32 0 0 32 32 +
}{
960 384 32 32 0 0 32 32 +
}{
992 384 32 32 32 0 32 32 -
}{
1024 384 32 32 32 0 32 32 -
}{
1056 384 32 32 32 0 32 32 -
}{
1088 384 32 32 32 0 32 32 -
}{
1120 384 32 32 32 0 32 32 -
}{
1152 384 32 32 32 0 32 32 -
}{
1184 384 32 32 0 0 32 32 +
}{
1216 384 32 32 0 0 32 32 +
}{
1248 384 32 32 0 0 32 32 +
}{
1280 384 32 32 32 0 32 32 -
}{
1312 384 32 32 32 0 32 32 -
}{
1344 384 32 32 32 0 32 32 -
}{
1376 384 32 32 32 0 32 32 -
}{
1408 384 32 32 32 0 32 32 -
}{
1440 384 32 32 32 0 32 32 -
}{
1472 384 32 32 32 0 32 32 -
}{
1504 384 32 32 32 0 32 32 -
}{
1536 384 32 32 32 0 32 32 -
}{
1568 384 32 32 0 0 32 32 +
}{
256 416 32 32 0 0 32 32 +
}{
288 416 32 32 32 0 32 32 -
}{
320 416 32 32 32 0 32 32 -
}{
352 416 32 32 32 0 32 32 -
}{
384 416 32 32 32 0 32 32 -
}{
416 416 32 32 32 0 32 32 -
}{
448 416 32 32 0 0 32 32 +
}{
576 416 32 32 0 0 32 32 +
}{
608 416 32 32 64 0 32 32 -
}{
640 416 32 32 64 0 32 32 -
}{
672 416 32 32 64 0 32 32 -
}{
704 416 32 32 64 0 32 32 -
}{
736 416 32 32 64 0 32 32 -
}{
768 416 32 32 64 0 32 32 -
}{
800 416 32 32 64 0 32 32 -
}{
832 416 32 32 64 0 32 32 -
}{
864 416 32 32 0 0 32 32 +
}{
896 416 32 32 64 0 32 32 -
}{
928 416 32 32 64 0 32 32 -
}{
960 416 32 32 64 0 32 32 -
}{
992 416 32 32 64 0 32 32 -
}{
1024 416 32 32 64 0 32 32 -
}{
1056 416 32 32 64 0 32 32 -
}{
1088 416 32 32 64 0 32 32 -
}{
1120 416 32 32 64 0 32 32 -
}{
1152 416 32 32 64 0 32 32 -
}{
1184 416 32 32 0 0 32 32 +
}{
1248 416 32 32 0 0 32 32 +
}{
1280 416 32 32 32 0 32 32 -
}{
1312 416 32 32 32 0 32 32 -
}{
1344 416 32 32 32 0 32 32 -
}{
1376 416 32 32 32 0 32 32 -
}{
1408 416 32 32 32 0 32 32 -
}{
1440 416 32 32 32 0 32 32 -
}{
1472 416 32 32 32 0 32 32 -
}{
1504 416 32 32 32 0 32 32 -
}{
1536 416 32 32 32 0 32 32 -
}{
1568 416 32 32 0 0 32 32 +
}{
256 448 32 32 0 0 32 32 +
}{
288 448 32 32 0 0 32 32 +
}{
320 448 32 32 32 0 32 32 -
}{
352 448 32 32 32 0 32 32 -
}{
384 448 32 32 32 0 32 32 -
}{
416 448 32 32 0 0 32 32 +
}{
448 448 32 32 0 0 32 32 +
}{
480 448 32 32 0 0 32 32 +
}{
512 448 32 32 0 0 32 32 +
}{
544 448 32 32 0 0 32 32 +
}{
576 448 32 32 0 0 32 32 +
}{
608 448 32 32 64 0 32 32 -
}{
640 448 32 32 64 0 32 32 -
}{
672 448 32 32 64 0 32 32 -
}{
704 448 32 32 64 0 32 32 -
}{
736 448 32 32 64 0 32 32 -
}{
768 448 32 32 64 0 32 32 -
}{
800 448 32 32 64 0 32 32 -
}{
832 448 32 32 64 0 32 32 -
}{
864 448 32 32 64 0 32 32 -
}{
896 448 32 32 64 0 32 32 -
}{
928 448 32 32 64 0 32 32 -
}{
960 448 32 32 64 0 32 32 -
}{
992 448 32 32 64 0 32 32 -
}{
1024 448 32 32 64 0 32 32 -
}{
1056 448 32 32 64 0 32 32 -
}{
1088 448 32 32 64 0 32 32 -
}{
1120 448 32 32 64 0 32 32 -
}{
1152 448 32 32 64 0 32 32 -
}{
1184 448 32 32 0 0 32 32 +
}{
1248 448 32 32 0 0 32 32 +
}{
1280 448 32 32 32 0 32 32 -
}{
1312 448 32 32 32 0 32 32 -
}{
1344 448 32 32 32 0 32 32 -
}{
1376 448 32 32 32 0 32 32 -
}{
1408 448 32 32 32 0 32 32 -
}{
1440 448 32 32 32 0 32 32 -
}{
1472 448 32 32 32 0 32 32 -
}{
1504 448 32 32 32 0 32 32 -
}{
1536 448 32 32 32 0 32 32 -
}{
1568 448 32 32 0 0 32 32 +
}{
288 480 32 32 0 0 32 32 +
}{
320 480 32 32 32 0 32 32 -
}{
352 480 32 32 32 0 32 32 -
}{
384 480 32 32 32 0 32 32 -
}{
416 480 32 32 32 0 32 32 -
}{
448 480 32 32 32 0 32 32 -
}{
480 480 32 32 32 0 32 32 -
}{
512 480 32 32 32 0 32 32 -
}{
544 480 32 32 32 0 32 32 -
}{
576 480 32 32 0 0 32 32 +
}{
608 480 32 32 64 0 32 32 -
}{
640 480 32 32 64 0 32 32 -
}{
672 480 32 32 64 0 32 32 -
}{
704 480 32 32 64 0 32 32 -
}{
736 480 32 32 64 0 32 32 -
}{
768 480 32 32 64 0 32 32 -
}{
800 480 32 32 64 0 32 32 -
}{
832 480 32 32 64 0 32 32 -
}{
864 480 32 32 64 0 32 32 -
}{
896 480 32 32 64 0 32 32 -
}{
928 480 32 32 64 0 32 32 -
}{
960 480 32 32 64 0 32 32 -
}{
992 480 32 32 64 0 32 32 -
}{
1024 480 32 32 64 0 32 32 -
}{
1056 480 32 32 64 0 32 32 -
}{
1088 480 32 32 64 0 32 32 -
}{
1120 480 32 32 64 0 32 32 -
}{
1152 480 32 32 64 0 32 32 -
}{
1184 480 32 32 0 0 32 32 +
}{
1248 480 32 32 0 0 32 32 +
}{
1280 480 32 32 32 0 32 32 -
}{
1312 480 32 32 32 0 32 32 -
}{
1344 480 32 32 32 0 32 32 -
}{
1376 480 32 32 32 0 32 32 -
}{
1408 480 32 32 32 0 32 32 -
}{
1440 480 32 32 32 0 32 32 -
}{
1472 480 32 32 32 0 32 32 -
}{
1504 480 32 32 32 0 32 32 -
}{
1536 480 32 32 32 0 32 32 -
}{
1568 480 32 32 0 0 32 32 +
}{
288 512 32 32 0 0 32 32 +
}{
320 512 32 32 32 0 32 32 -
}{
352 512 32 32 32 0 32 32 -
}{
384 512 32 32 32 0 32 32 -
}{
416 512 32 32 32 0 32 32 -
}{
448 512 32 32 32 0 32 32 -
}{
480 512 32 32 32 0 32 32 -
}{
512 512 32 32 32 0 32 32 -
}{
544 512 32 32 32 0 32 32 -
}{
576 512 32 32 32 0 32 32 -
}{
608 512 32 32 64 0 32 32 -
}{
640 512 32 32 64 0 32 32 -
}{
672 512 32 32 64 0 32 32 -
}{
704 512 32 32 64 0 32 32 -
}{
736 512 32 32 64 0 32 32 -
}{
768 512 32 32 64 0 32 32 -
}{
800 512 32 32 64 0 32 32 -
}{
832 512 32 32 64 0 32 32 -
}{
864 512 32 32 0 0 32 32 +
}{
896 512 32 32 64 0 32 32 -
}{
928 512 32 32 64 0 32 32 -
}{
960 512 32 32 64 0 32 32 -
}{
992 512 32 32 64 0 32 32 -
}{
1024 512 32 32 64 0 32 32 -
}{
1056 512 32 32 64 0 32 32 -
}{
1088 512 32 32 64 0 32 32 -
}{
1120 512 32 32 64 0 32 32 -
}{
1152 512 32 32 64 0 32 32 -
}{
1184 512 32 32 0 0 32 32 +
}{
1248 512 32 32 0 0 32 32 +
}{
1280 512 32 32 32 0 32 32 -
}{
1312 512 32 32 32 0 32 32 -
}{
1344 512 32 32 32 0 32 32 -
}{
1376 512 32 32 32 0 32 32 -
}{
1408 512 32 32 32 0 32 32 -
}{
1440 512 32 32 32 0 32 32 -
}{
1472 512 32 32 32 0 32 32 -
}{
1504 512 32 32 32 0 32 32 -
}{
1536 512 32 32 32 0 32 32 -
}{
1568 512 32 32 0 0 32 32 +
}{
288 544 32 32 0 0 32 32 +
}{
320 544 32 32 32 0 32 32 -
}{
352 544 32 32 32 0 32 32 -
}{
384 544 32 32 32 0 32 32 -
}{
416 544 32 32 32 0 32 32 -
}{
448 544 32 32 32 0 32 32 -
}{
480 544 32 32 32 0 32 32 -
}{
512 544 32 32 32 0 32 32 -
}{
544 544 32 32 32 0 32 32 -
}{
576 544 32 32 32 0 32 32 -
}{
608 544 32 32 64 0 32 32 -
}{
640 544 32 32 64 0 32 32 -
}{
672 544 32 32 64 0 32 32 -
}{
704 544 32 32 64 0 32 32 -
}{
736 544 32 32 64 0 32 32 -
}{
768 544 32 32 64 0 32 32 -
}{
800 544 32 32 64 0 32 32 -
}{
832 544 32 32 64 0 32 32 -
}{
864 544 32 32 0 0 32 32 +
}{
896 544 32 32 0 0 32 32 +
}{
928 544 32 32 64 0 32 32 -
}{
960 544 32 32 64 0 32 32 -
}{
992 544 32 32 64 0 32 32 -
}{
1024 544 32 32 64 0 32 32 -
}{
1056 544 32 32 64 0 32 32 -
}{
1088 544 32 32 64 0 32 32 -
}{
1120 544 32 32 64 0 32 32 -
}{
1152 544 32 32 0 0 32 32 +
}{
1184 544 32 32 0 0 32 32 +
}{
1248 544 32 32 0 0 32 32 +
}{
1280 544 32 32 32 0 32 32 -
}{
1312 544 32 32 32 0 32 32 -
}{
1344 544 32 32 32 0 32 32 -
}{
1376 544 32 32 32 0 32 32 -
}{
1408 544 32 32 32 0 32 32 -
}{
1440 544 32 32 32 0 32 32 -
}{
1472 544 32 32 32 0 32 32 -
}{
1504 544 32 32 32 0 32 32 -
}{
1536 544 32 32 32 0 32 32 -
}{
1568 544 32 32 0 0 32 32 +
}{
288 576 32 32 0 0 32 32 +
}{
320 576 32 32 32 0 32 32 -
}{
352 576 32 32 32 0 32 32 -
}{
384 576 32 32 32 0 32 32 -
}{
416 576 32 32 32 0 32 32 -
}{
448 576 32 32 32 0 32 32 -
}{
480 576 32 32 32 0 32 32 -
}{
512 576 32 32 32 0 32 32 -
}{
544 576 32 32 32 0 32 32 -
}{
576 576 32 32 32 0 32 32 -
}{
608 576 32 32 64 0 32 32 -
}{
640 576 32 32 64 0 32 32 -
}{
672 576 32 32 64 0 32 32 -
}{
704 576 32 32 64 0 32 32 -
}{
736 576 32 32 64 0 32 32 -
}{
768 576 32 32 64 0 32 32 -
}{
800 576 32 32 64 0 32 32 -
}{
832 576 32 32 64 0 32 32 -
}{
864 576 32 32 0 0 32 32 +
}{
896 576 32 32 64 0 32 32 -
}{
928 576 32 32 64 0 32 32 -
}{
960 576 32 32 64 0 32 32 -
}{
992 576 32 32 64 0 32 32 -
}{
1024 576 32 32 64 0 32 32 -
}{
1056 576 32 32 64 0 32 32 -
}{
1088 576 32 32 64 0 32 32 -
}{
1120 576 32 32 64 0 32 32 -
}{
1152 576 32 32 64 0 32 32 -
}{
1184 576 32 32 0 0 32 32 +
}{
1248 576 32 32 0 0 32 32 +
}{
1280 576 32 32 32 0 32 32 -
}{
1312 576 32 32 32 0 32 32 -
}{
1344 576 32 32 32 0 32 32 -
}{
1376 576 32 32 32 0 32 32 -
}{
1408 576 32 32 32 0 32 32 -
}{
1440 576 32 32 32 0 32 32 -
}{
1472 576 32 32 32 0 32 32 -
}{
1504 576 32 32 32 0 32 32 -
}{
1536 576 32 32 32 0 32 32 -
}{
1568 576 32 32 0 0 32 32 +
}{
288 608 32 32 0 0 32 32 +
}{
320 608 32 32 32 0 32 32 -
}{
352 608 32 32 32 0 32 32 -
}{
384 608 32 32 32 0 32 32 -
}{
416 608 32 32 32 0 32 32 -
}{
448 608 32 32 32 0 32 32 -
}{
480 608 32 32 32 0 32 32 -
}{
512 608 32 32 32 0 32 32 -
}{
544 608 32 32 32 0 32 32 -
}{
576 608 32 32 32 0 32 32 -
}{
608 608 32 32 64 0 32 32 -
}{
640 608 32 32 64 0 32 32 -
}{
672 608 32 32 64 0 32 32 -
}{
704 608 32 32 64 0 32 32 -
}{
736 608 32 32 64 0 32 32 -
}{
768 608 32 32 64 0 32 32 -
}{
800 608 32 32 64 0 32 32 -
}{
832 608 32 32 64 0 32 32 -
}{
864 608 32 32 0 0 32 32 +
}{
896 608 32 32 64 0 32 32 -
}{
928 608 32 32 64 0 32 32 -
}{
960 608 32 32 64 0 32 32 -
}{
992 608 32 32 64 0 32 32 -
}{
1024 608 32 32 64 0 32 32 -
}{
1056 608 32 32 64 0 32 32 -
}{
1088 608 32 32 64 0 32 32 -
}{
1120 608 32 32 64 0 32 32 -
}{
1152 608 32 32 64 0 32 32 -
}{
1184 608 32 32 0 0 32 32 +
}{
1248 608 32 32 0 0 32 32 +
}{
1280 608 32 32 32 0 32 32 -
}{
1312 608 32 32 32 0 32 32 -
}{
1344 608 32 32 32 0 32 32 -
}{
1376 608 32 32 32 0 32 32 -
}{
1408 608 32 32 32 0 32 32 -
}{
1440 608 32 32 32 0 32 32 -
}{
1472 608 32 32 32 0 32 32 -
}{
1504 608 32 32 32 0 32 32 -
}{
1536 608 32 32 32 0 32 32 -
}{
1568 608 32 32 0 0 32 32 +
}{
288 640 32 32 0 0 32 32 +
}{
320 640 32 32 32 0 32 32 -
}{
352 640 32 32 32 0 32 32 -
}{
384 640 32 32 32 0 32 32 -
}{
416 640 32 32 32 0 32 32 -
}{
448 640 32 32 32 0 32 32 -
}{
480 640 32 32 32 0 32 32 -
}{
512 640 32 32 32 0 32 32 -
}{
544 640 32 32 32 0 32 32 -
}{
576 640 32 32 0 0 32 32 +
}{
608 640 32 32 0 0 32 32 +
}{
640 640 32 32 64 0 32 32 -
}{
672 640 32 32 64 0 32 32 -
}{
704 640 32 32 64 0 32 32 -
}{
736 640 32 32 64 0 32 32 -
}{
768 640 32 32 64 0 32 32 -
}{
800 640 32 32 64 0 32 32 -
}{
832 640 32 32 0 0 32 32 +
}{
864 640 32 32 0 0 32 32 +
}{
896 640 32 32 64 0 32 32 -
}{
928 640 32 32 64 0 32 32 -
}{
960 640 32 32 64 0 32 32 -
}{
992 640 32 32 64 0 32 32 -
}{
1024 640 32 32 64 0 32 32 -
}{
1056 640 32 32 64 0 32 32 -
}{
1088 640 32 32 64 0 32 32 -
}{
1120 640 32 32 64 0 32 32 -
}{
1152 640 32 32 64 0 32 32 -
}{
1184 640 32 32 0 0 32 32 +
}{
1248 640 32 32 0 0 32 32 +
}{
1280 640 32 32 0 0 32 32 +
}{
1312 640 32 32 0 0 32 32 +
}{
1344 640 32 32 0 0 32 32 +
}{
1376 640 32 32 0 0 32 32 +
}{
1408 640 32 32 0 0 32 32 +
}{
1440 640 32 32 0 0 32 32 +
}{
1472 640 32 32 0 0 32 32 +
}{
1504 640 32 32 0 0 32 32 +
}{
1536 640 32 32 0 0 32 32 +
}{
1568 640 32 32 0 0 32 32 +
}{
288 672 32 32 0 0 32 32 +
}{
320 672 32 32 0 0 32 32 +
}{
352 672 32 32 0 0 32 32 +
}{
384 672 32 32 0 0 32 32 +
}{
416 672 32 32 0 0 32 32 +
}{
448 672 32 32 0 0 32 32 +
}{
480 672 32 32 0 0 32 32 +
}{
512 672 32 32 0 0 32 32 +
}{
544 672 32 32 0 0 32 32 +
}{
576 672 32 32 0 0 32 32 +
}{
608 672 32 32 0 0 32 32 +
}{
640 672 32 32 32 0 32 32 -
}{
672 672 32 32 32 0 32 32 -
}{
704 672 32 32 32 0 32 32 -
}{
736 672 32 32 32 0 32 32 -
}{
768 672 32 32 32 0 32 32 -
}{
800 672 32 32 32 0 32 32 -
}{
832 672 32 32 0 0 32 32 +
}{
864 672 32 32 0 0 32 32 +
}{
896 672 32 32 64 0 32 32 -
}{
928 672 32 32 64 0 32 32 -
}{
960 672 32 32 64 0 32 32 -
}{
992 672 32 32 64 0 32 32 -
}{
1024 672 32 32 64 0 32 32 -
}{
1056 672 32 32 64 0 32 32 -
}{
1088 672 32 32 64 0 32 32 -
}{
1120 672 32 32 64 0 32 32 -
}{
1152 672 32 32 64 0 32 32 -
}{
1184 672 32 32 0 0 32 32 +
}{
608 704 32 32 0 0 32 32 +
}{
640 704 32 32 32 0 32 32 -
}{
672 704 32 32 32 0 32 32 -
}{
704 704 32 32 32 0 32 32 -
}{
736 704 32 32 32 0 32 32 -
}{
768 704 32 32 32 0 32 32 -
}{
800 704 32 32 32 0 32 32 -
}{
832 704 32 32 0 0 32 32 +
}{
864 704 32 32 0 0 32 32 +
}{
896 704 32 32 64 0 32 32 -
}{
928 704 32 32 64 0 32 32 -
}{
960 704 32 32 64 0 32 32 -
}{
992 704 32 32 64 0 32 32 -
}{
1024 704 32 32 64 0 32 32 -
}{
1056 704 32 32 64 0 32 32 -
}{
1088 704 32 32 64 0 32 32 -
}{
1120 704 32 32 64 0 32 32 -
}{
1152 704 32 32 64 0 32 32 -
}{
1184 704 32 32 0 0 32 32 +
}{
608 736 32 32 0 0 32 32 +
}{
640 736 32 32 32 0 32 32 -
}{
672 736 32 32 32 0 32 32 -
}{
704 736 32 32 32 0 32 32 -
}{
736 736 32 32 32 0 32 32 -
}{
768 736 32 32 32 0 32 32 -
}{
800 736 32 32 32 0 32 32 -
}{
832 736 32 32 0 0 32 32 +
}{
864 736 32 32 0 0 32 32 +
}{
896 736 32 32 64 0 32 32 -
}{
928 736 32 32 64 0 32 32 -
}{
960 736 32 32 64 0 32 32 -
}{
992 736 32 32 64 0 32 32 -
}{
1024 736 32 32 64 0 32 32 -
}{
1056 736 32 32 64 0 32 32 -
}{
1088 736 32 32 64 0 32 32 -
}{
1120 736 32 32 64 0 32 32 -
}{
1152 736 32 32 64 0 32 32 -
}{
1184 736 32 32 0 0 32 32 +
}{
1312 736 32 32 0 0 32 32 +
}{
1344 736 32 32 0 0 32 32 +
}{
1376 736 32 32 0 0 32 32 +
}{
1408 736 32 32 0 0 32 32 +
}{
1440 736 32 32 0 0 32 32 +
}{
1472 736 32 32 0 0 32 32 +
}{
608 768 32 32 0 0 32 32 +
}{
640 768 32 32 32 0 32 32 -
}{
672 768 32 32 32 0 32 32 -
}{
704 768 32 32 32 0 32 32 -
}{
736 768 32 32 32 0 32 32 -
}{
768 768 32 32 32 0 32 32 -
}{
800 768 32 32 32 0 32 32 -
}{
832 768 32 32 0 0 32 32 +
}{
864 768 32 32 0 0 32 32 +
}{
896 768 32 32 0 0 32 32 +
}{
928 768 32 32 0 0 32 32 +
}{
960 768 32 32 0 0 32 32 +
}{
992 768 32 32 0 0 32 32 +
}{
1024 768 32 32 0 0 32 32 +
}{
1056 768 32 32 0 0 32 32 +
}{
1088 768 32 32 0 0 32 32 +
}{
1120 768 32 32 0 0 32 32 +
}{
1152 768 32 32 0 0 32 32 +
}{
1184 768 32 32 0 0 32 32 +
}{
1216 768 32 32 0 0 32 32 +
}{
1248 768 32 32 0 0 32 32 +
}{
1280 768 32 32 0 0 32 32 +
}{
1312 768 32 32 0 0 32 32 +
}{
1344 768 32 32 64 0 32 32 -
}{
1376 768 32 32 64 0 32 32 -
}{
1408 768 32 32 64 0 32 32 -
}{
1440 768 32 32 64 0 32 32 -
}{
1472 768 32 32 0 0 32 32 +
}{
192 800 32 32 0 0 32 32 +
}{
224 800 32 32 0 0 32 32 +
}{
256 800 32 32 0 0 32 32 +
}{
288 800 32 32 0 0 32 32 +
}{
320 800 32 32 0 0 32 32 +
}{
352 800 32 32 0 0 32 32 +
}{
384 800 32 32 0 0 32 32 +
}{
416 800 32 32 0 0 32 32 +
}{
448 800 32 32 0 0 32 32 +
}{
480 800 32 32 0 0 32 32 +
}{
512 800 32 32 0 0 32 32 +
}{
544 800 32 32 0 0 32 32 +
}{
576 800 32 32 0 0 32 32 +
}{
608 800 32 32 0 0 32 32 +
}{
640 800 32 32 0 0 32 32 +
}{
672 800 32 32 32 0 32 32 -
}{
704 800 32 32 32 0 32 32 -
}{
736 800 32 32 32 0 32 32 -
}{
768 800 32 32 32 0 32 32 -
}{
800 800 32 32 0 0 32 32 +
}{
832 800 32 32 0 0 32 32 +
}{
864 800 32 32 0 0 32 32 +
}{
896 800 32 32 0 0 32 32 +
}{
928 800 32 32 0 0 32 32 +
}{
960 800 32 32 0 0 32 32 +
}{
992 800 32 32 0 0 32 32 +
}{
1120 800 32 32 0 0 32 32 +
}{
1152 800 32 32 64 0 32 32 -
}{
1184 800 32 32 64 0 32 32 -
}{
1216 800 32 32 64 0 32 32 -
}{
1248 800 32 32 64 0 32 32 -
}{
1280 800 32 32 64 0 32 32 -
}{
1312 800 32 32 64 0 32 32 -
}{
1344 800 32 32 64 0 32 32 -
}{
1376 800 32 32 64 0 32 32 -
}{
1408 800 32 32 64 0 32 32 -
}{
1440 800 32 32 64 0 32 32 -
}{
1472 800 32 32 0 0 32 32 +
}{
192 832 32 32 0 0 32 32 +
}{
224 832 32 32 64 0 32 32 -
}{
256 832 32 32 64 0 32 32 -
}{
288 832 32 32 64 0 32 32 -
}{
320 832 32 32 64 0 32 32 -
}{
352 832 32 32 64 0 32 32 -
}{
384 832 32 32 64 0 32 32 -
}{
416 832 32 32 64 0 32 32 -
}{
448 832 32 32 64 0 32 32 -
}{
480 832 32 32 64 0 32 32 -
}{
512 832 32 32 0 0 32 32 +
}{
544 832 32 32 64 0 32 32 -
}{
576 832 32 32 64 0 32 32 -
}{
608 832 32 32 64 0 32 32 -
}{
640 832 32 32 64 0 32 32 -
}{
672 832 32 32 64 0 32 32 -
}{
704 832 32 32 64 0 32 32 -
}{
736 832 32 32 64 0 32 32 -
}{
768 832 32 32 64 0 32 32 -
}{
800 832 32 32 0 0 32 32 +
}{
832 832 32 32 64 0 32 32 -
}{
864 832 32 32 64 0 32 32 -
}{
896 832 32 32 64 0 32 32 -
}{
928 832 32 32 64 0 32 32 -
}{
960 832 32 32 64 0 32 32 -
}{
992 832 32 32 0 0 32 32 +
}{
1120 832 32 32 0 0 32 32 +
}{
1152 832 32 32 64 0 32 32 -
}{
1184 832 32 32 64 0 32 32 -
}{
1216 832 32 32 64 0 32 32 -
}{
1248 832 32 32 64 0 32 32 -
}{
1280 832 32 32 64 0 32 32 -
}{
1312 832 32 32 64 0 32 32 -
}{
1344 832 32 32 64 0 32 32 -
}{
1376 832 32 32 64 0 32 32 -
}{
1408 832 32 32 64 0 32 32 -
}{
1440 832 32 32 64 0 32 32 -
}{
1472 832 32 32 0 0 32 32 +
}{
192 864 32 32 0 0 32 32 +
}{
224 864 32 32 64 0 32 32 -
}{
256 864 32 32 64 0 32 32 -
}{
288 864 32 32 64 0 32 32 -
}{
320 864 32 32 64 0 32 32 -
}{
352 864 32 32 64 0 32 32 -
}{
384 864 32 32 64 0 32 32 -
}{
416 864 32 32 64 0 32 32 -
}{
448 864 32 32 64 0 32 32 -
}{
480 864 32 32 64 0 32 32 -
}{
512 864 32 32 64 0 32 32 -
}{
544 864 32 32 64 0 32 32 -
}{
576 864 32 32 64 0 32 32 -
}{
608 864 32 32 64 0 32 32 -
}{
640 864 32 32 64 0 32 32 -
}{
672 864 32 32 64 0 32 32 -
}{
704 864 32 32 64 0 32 32 -
}{
736 864 32 32 64 0 32 32 -
}{
768 864 32 32 64 0 32 32 -
}{
800 864 32 32 64 0 32 32 -
}{
832 864 32 32 64 0 32 32 -
}{
864 864 32 32 64 0 32 32 -
}{
896 864 32 32 64 0 32 32 -
}{
928 864 32 32 64 0 32 32 -
}{
960 864 32 32 64 0 32 32 -
}{
992 864 32 32 0 0 32 32 +
}{
1120 864 32 32 0 0 32 32 +
}{
1152 864 32 32 64 0 32 32 -
}{
1184 864 32 32 64 0 32 32 -
}{
1216 864 32 32 64 0 32 32 -
}{
1248 864 32 32 64 0 32 32 -
}{
1280 864 32 32 64 0 32 32 -
}{
1312 864 32 32 64 0 32 32 -
}{
1344 864 32 32 64 0 32 32 -
}{
1376 864 32 32 64 0 32 32 -
}{
1408 864 32 32 64 0 32 32 -
}{
1440 864 32 32 64 0 32 32 -
}{
1472 864 32 32 0 0 32 32 +
}{
192 896 32 32 0 0 32 32 +
}{
224 896 32 32 64 0 32 32 -
}{
256 896 32 32 64 0 32 32 -
}{
288 896 32 32 64 0 32 32 -
}{
320 896 32 32 64 0 32 32 -
}{
352 896 32 32 64 0 32 32 -
}{
384 896 32 32 64 0 32 32 -
}{
416 896 32 32 64 0 32 32 -
}{
448 896 32 32 64 0 32 32 -
}{
480 896 32 32 64 0 32 32 -
}{
512 896 32 32 64 0 32 32 -
}{
544 896 32 32 64 0 32 32 -
}{
576 896 32 32 64 0 32 32 -
}{
608 896 32 32 64 0 32 32 -
}{
640 896 32 32 64 0 32 32 -
}{
672 896 32 32 64 0 32 32 -
}{
704 896 32 32 64 0 32 32 -
}{
736 896 32 32 64 0 32 32 -
}{
768 896 32 32 64 0 32 32 -
}{
800 896 32 32 64 0 32 32 -
}{
832 896 32 32 64 0 32 32 -
}{
864 896 32 32 64 0 32 32 -
}{
896 896 32 32 64 0 32 32 -
}{
928 896 32 32 64 0 32 32 -
}{
960 896 32 32 64 0 32 32 -
}{
992 896 32 32 0 0 32 32 +
}{
1120 896 32 32 0 0 32 32 +
}{
1152 896 32 32 64 0 32 32 -
}{
1184 896 32 32 64 0 32 32 -
}{
1216 896 32 32 64 0 32 32 -
}{
1248 896 32 32 64 0 32 32 -
}{
1280 896 32 32 64 0 32 32 -
}{
1312 896 32 32 64 0 32 32 -
}{
1344 896 32 32 64 0 32 32 -
}{
1376 896 32 32 64 0 32 32 -
}{
1408 896 32 32 64 0 32 32 -
}{
1440 896 32 32 64 0 32 32 -
}{
1472 896 32 32 0 0 32 32 +
}{
192 928 32 32 0 0 32 32 +
}{
224 928 32 32 64 0 32 32 -
}{
256 928 32 32 64 0 32 32 -
}{
288 928 32 32 64 0 32 32 -
}{
320 928 32 32 64 0 32 32 -
}{
352 928 32 32 64 0 32 32 -
}{
384 928 32 32 64 0 32 32 -
}{
416 928 32 32 64 0 32 32 -
}{
448 928 32 32 64 0 32 32 -
}{
480 928 32 32 64 0 32 32 -
}{
512 928 32 32 64 0 32 32 -
}{
544 928 32 32 64 0 32 32 -
}{
576 928 32 32 64 0 32 32 -
}{
608 928 32 32 64 0 32 32 -
}{
640 928 32 32 64 0 32 32 -
}{
672 928 32 32 64 0 32 32 -
}{
704 928 32 32 64 0 32 32 -
}{
736 928 32 32 64 0 32 32 -
}{
768 928 32 32 64 0 32 32 -
}{
800 928 32 32 64 0 32 32 -
}{
832 928 32 32 64 0 32 32 -
}{
864 928 32 32 64 0 32 32 -
}{
896 928 32 32 64 0 32 32 -
}{
928 928 32 32 64 0 32 32 -
}{
960 928 32 32 64 0 32 32 -
}{
992 928 32 32 0 0 32 32 +
}{
1120 928 32 32 0 0 32 32 +
}{
1152 928 32 32 64 0 32 32 -
}{
1184 928 32 32 64 0 32 32 -
}{
1216 928 32 32 64 0 32 32 -
}{
1248 928 32 32 64 0 32 32 -
}{
1280 928 32 32 64 0 32 32 -
}{
1312 928 32 32 0 0 32 32 +
}{
1344 928 32 32 64 0 32 32 -
}{
1376 928 32 32 64 0 32 32 -
}{
1408 928 32 32 64 0 32 32 -
}{
1440 928 32 32 64 0 32 32 -
}{
1472 928 32 32 0 0 32 32 +
}{
192 960 32 32 0 0 32 32 +
}{
224 960 32 32 64 0 32 32 -
}{
256 960 32 32 64 0 32 32 -
}{
288 960 32 32 64 0 32 32 -
}{
320 960 32 32 64 0 32 32 -
}{
352 960 32 32 64 0 32 32 -
}{
384 960 32 32 64 0 32 32 -
}{
416 960 32 32 64 0 32 32 -
}{
448 960 32 32 64 0 32 32 -
}{
480 960 32 32 64 0 32 32 -
}{
512 960 32 32 0 0 32 32 +
}{
544 960 32 32 64 0 32 32 -
}{
576 960 32 32 64 0 32 32 -
}{
608 960 32 32 64 0 32 32 -
}{
640 960 32 32 64 0 32 32 -
}{
672 960 32 32 64 0 32 32 -
}{
704 960 32 32 64 0 32 32 -
}{
736 960 32 32 64 0 32 32 -
}{
768 960 32 32 64 0 32 32 -
}{
800 960 32 32 64 0 32 32 -
}{
832 960 32 32 64 0 32 32 -
}{
864 960 32 32 64 0 32 32 -
}{
896 960 32 32 64 0 32 32 -
}{
928 960 32 32 64 0 32 32 -
}{
960 960 32 32 64 0 32 32 -
}{
992 960 32 32 0 0 32 32 +
}{
1120 960 32 32 0 0 32 32 +
}{
1152 960 32 32 64 0 32 32 -
}{
1184 960 32 32 64 0 32 32 -
}{
1216 960 32 32 64 0 32 32 -
}{
1248 960 32 32 64 0 32 32 -
}{
1280 960 32 32 64 0 32 32 -
}{
1312 960 32 32 0 0 32 32 +
}{
1344 960 32 32 0 0 32 32 +
}{
1376 960 32 32 0 0 32 32 +
}{
1408 960 32 32 0 0 32 32 +
}{
1440 960 32 32 0 0 32 32 +
}{
1472 960 32 32 0 0 32 32 +
}{
0 992 32 32 0 0 32 32 +
}{
32 992 32 32 0 0 32 32 +
}{
64 992 32 32 0 0 32 32 +
}{
96 992 32 32 0 0 32 32 +
}{
128 992 32 32 0 0 32 32 +
}{
160 992 32 32 0 0 32 32 +
}{
192 992 32 32 0 0 32 32 +
}{
224 992 32 32 0 0 32 32 +
}{
256 992 32 32 0 0 32 32 +
}{
288 992 32 32 0 0 32 32 +
}{
320 992 32 32 0 0 32 32 +
}{
352 992 32 32 0 0 32 32 +
}{
384 992 32 32 0 0 32 32 +
}{
416 992 32 32 0 0 32 32 +
}{
448 992 32 32 0 0 32 32 +
}{
480 992 32 32 0 0 32 32 +
}{
512 992 32 32 0 0 32 32 +
}{
544 992 32 32 64 0 32 32 -
}{
576 992 32 32 64 0 32 32 -
}{
608 992 32 32 64 0 32 32 -
}{
640 992 32 32 64 0 32 32 -
}{
672 992 32 32 64 0 32 32 -
}{
704 992 32 32 64 0 32 32 -
}{
736 992 32 32 64 0 32 32 -
}{
768 992 32 32 64 0 32 32 -
}{
800 992 32 32 0 0 32 32 +
}{
832 992 32 32 0 0 32 32 +
}{
864 992 32 32 0 0 32 32 +
}{
896 992 32 32 0 0 32 32 +
}{
928 992 32 32 0 0 32 32 +
}{
960 992 32 32 0 0 32 32 +
}{
992 992 32 32 0 0 32 32 +
}{
1120 992 32 32 0 0 32 32 +
}{
1152 992 32 32 64 0 32 32 -
}{
1184 992 32 32 64 0 32 32 -
}{
1216 992 32 32 64 0 32 32 -
}{
1248 992 32 32 64 0 32 32 -
}{
1280 992 32 32 64 0 32 32 -
}{
1312 992 32 32 0 0 32 32 +
}{
0 1024 32 32 0 0 32 32 +
}{
32 1024 32 32 64 0 32 32 -
}{
64 1024 32 32 64 0 32 32 -
}{
96 1024 32 32 64 0 32 32 -
}{
128 1024 32 32 64 0 32 32 -
}{
160 1024 32 32 0 0 32 32 +
}{
192 1024 32 32 0 0 32 32 +
}{
224 1024 32 32 0 0 32 32 +
}{
256 1024 32 32 0 0 32 32 +
}{
288 1024 32 32 0 0 32 32 +
}{
320 1024 32 32 0 0 32 32 +
}{
352 1024 32 32 0 0 32 32 +
}{
384 1024 32 32 0 0 32 32 +
}{
416 1024 32 32 0 0 32 32 +
}{
448 1024 32 32 0 0 32 32 +
}{
480 1024 32 32 0 0 32 32 +
}{
512 1024 32 32 0 0 32 32 +
}{
544 1024 32 32 64 0 32 32 -
}{
576 1024 32 32 64 0 32 32 -
}{
608 1024 32 32 64 0 32 32 -
}{
640 1024 32 32 64 0 32 32 -
}{
672 1024 32 32 64 0 32 32 -
}{
704 1024 32 32 0 0 32 32 +
}{
736 1024 32 32 0 0 32 32 +
}{
768 1024 32 32 0 0 32 32 +
}{
800 1024 32 32 0 0 32 32 +
}{
1120 1024 32 32 0 0 32 32 +
}{
1152 1024 32 32 64 0 32 32 -
}{
1184 1024 32 32 64 0 32 32 -
}{
1216 1024 32 32 64 0 32 32 -
}{
1248 1024 32 32 64 0 32 32 -
}{
1280 1024 32 32 64 0 32 32 -
}{
1312 1024 32 32 0 0 32 32 +
}{
0 1056 32 32 0 0 32 32 +
}{
32 1056 32 32 64 0 32 32 -
}{
64 1056 32 32 64 0 32 32 -
}{
96 1056 32 32 64 0 32 32 -
}{
128 1056 32 32 64 0 32 32 -
}{
160 1056 32 32 64 0 32 32 -
}{
192 1056 32 32 64 0 32 32 -
}{
224 1056 32 32 64 0 32 32 -
}{
256 1056 32 32 64 0 32 32 -
}{
288 1056 32 32 64 0 32 32 -
}{
320 1056 32 32 64 0 32 32 -
}{
352 1056 32 32 64 0 32 32 -
}{
384 1056 32 32 64 0 32 32 -
}{
416 1056 32 32 64 0 32 32 -
}{
448 1056 32 32 64 0 32 32 -
}{
480 1056 32 32 0 0 32 32 +
}{
512 1056 32 32 64 0 32 32 -
}{
544 1056 32 32 64 0 32 32 -
}{
576 1056 32 32 64 0 32 32 -
}{
608 1056 32 32 64 0 32 32 -
}{
640 1056 32 32 64 0 32 32 -
}{
672 1056 32 32 64 0 32 32 -
}{
704 1056 32 32 64 0 32 32 -
}{
736 1056 32 32 0 0 32 32 +
}{
768 1056 32 32 0 0 32 32 +
}{
800 1056 32 32 0 0 32 32 +
}{
832 1056 32 32 0 0 32 32 +
}{
864 1056 32 32 0 0 32 32 +
}{
896 1056 32 32 0 0 32 32 +
}{
928 1056 32 32 0 0 32 32 +
}{
960 1056 32 32 0 0 32 32 +
}{
992 1056 32 32 0 0 32 32 +
}{
1024 1056 32 32 0 0 32 32 +
}{
1056 1056 32 32 0 0 32 32 +
}{
1088 1056 32 32 0 0 32 32 +
}{
1120 1056 32 32 0 0 32 32 +
}{
1152 1056 32 32 0 0 32 32 +
}{
1184 1056 32 32 64 0 32 32 -
}{
1216 1056 32 32 64 0 32 32 -
}{
1248 1056 32 32 64 0 32 32 -
}{
1280 1056 32 32 0 0 32 32 +
}{
1312 1056 32 32 0 0 32 32 +
}{
1344 1056 32 32 0 0 32 32 +
}{
1376 1056 32 32 0 0 32 32 +
}{
1408 1056 32 32 0 0 32 32 +
}{
1440 1056 32 32 0 0 32 32 +
}{
1472 1056 32 32 0 0 32 32 +
}{
1504 1056 32 32 0 0 32 32 +
}{
1536 1056 32 32 0 0 32 32 +
}{
1568 1056 32 32 0 0 32 32 +
}{
0 1088 32 32 0 0 32 32 +
}{
32 1088 32 32 64 0 32 32 -
}{
64 1088 32 32 64 0 32 32 -
}{
96 1088 32 32 64 0 32 32 -
}{
128 1088 32 32 64 0 32 32 -
}{
160 1088 32 32 64 0 32 32 -
}{
192 1088 32 32 64 0 32 32 -
}{
224 1088 32 32 64 0 32 32 -
}{
256 1088 32 32 64 0 32 32 -
}{
288 1088 32 32 64 0 32 32 -
}{
320 1088 32 32 64 0 32 32 -
}{
352 1088 32 32 64 0 32 32 -
}{
384 1088 32 32 64 0 32 32 -
}{
416 1088 32 32 64 0 32 32 -
}{
448 1088 32 32 64 0 32 32 -
}{
480 1088 32 32 64 0 32 32 -
}{
512 1088 32 32 64 0 32 32 -
}{
544 1088 32 32 64 0 32 32 -
}{
576 1088 32 32 64 0 32 32 -
}{
608 1088 32 32 64 0 32 32 -
}{
640 1088 32 32 64 0 32 32 -
}{
672 1088 32 32 64 0 32 32 -
}{
704 1088 32 32 64 0 32 32 -
}{
736 1088 32 32 0 0 32 32 +
}{
768 1088 32 32 64 0 32 32 -
}{
800 1088 32 32 64 0 32 32 -
}{
832 1088 32 32 64 0 32 32 -
}{
864 1088 32 32 64 0 32 32 -
}{
896 1088 32 32 64 0 32 32 -
}{
928 1088 32 32 64 0 32 32 -
}{
960 1088 32 32 64 0 32 32 -
}{
992 1088 32 32 0 0 32 32 +
}{
1024 1088 32 32 64 0 32 32 -
}{
1056 1088 32 32 64 0 32 32 -
}{
1088 1088 32 32 64 0 32 32 -
}{
1120 1088 32 32 64 0 32 32 -
}{
1152 1088 32 32 64 0 32 32 -
}{
1184 1088 32 32 64 0 32 32 -
}{
1216 1088 32 32 64 0 32 32 -
}{
1248 1088 32 32 64 0 32 32 -
}{
1280 1088 32 32 64 0 32 32 -
}{
1312 1088 32 32 0 0 32 32 +
}{
1344 1088 32 32 32 0 32 32 -
}{
1376 1088 32 32 32 0 32 32 -
}{
1408 1088 32 32 32 0 32 32 -
}{
1440 1088 32 32 32 0 32 32 -
}{
1472 1088 32 32 32 0 32 32 -
}{
1504 1088 32 32 32 0 32 32 -
}{
1536 1088 32 32 32 0 32 32 -
}{
1568 1088 32 32 0 0 32 32 +
}{
0 1120 32 32 0 0 32 32 +
}{
32 1120 32 32 64 0 32 32 -
}{
64 1120 32 32 64 0 32 32 -
}{
96 1120 32 32 64 0 32 32 -
}{
128 1120 32 32 64 0 32 32 -
}{
160 1120 32 32 64 0 32 32 -
}{
192 1120 32 32 64 0 32 32 -
}{
224 1120 32 32 64 0 32 32 -
}{
256 1120 32 32 64 0 32 32 -
}{
288 1120 32 32 64 0 32 32 -
}{
320 1120 32 32 64 0 32 32 -
}{
352 1120 32 32 64 0 32 32 -
}{
384 1120 32 32 64 0 32 32 -
}{
416 1120 32 32 64 0 32 32 -
}{
448 1120 32 32 64 0 32 32 -
}{
480 1120 32 32 64 0 32 32 -
}{
512 1120 32 32 64 0 32 32 -
}{
544 1120 32 32 64 0 32 32 -
}{
576 1120 32 32 64 0 32 32 -
}{
608 1120 32 32 64 0 32 32 -
}{
640 1120 32 32 64 0 32 32 -
}{
672 1120 32 32 64 0 32 32 -
}{
704 1120 32 32 64 0 32 32 -
}{
736 1120 32 32 64 0 32 32 -
}{
768 1120 32 32 64 0 32 32 -
}{
800 1120 32 32 64 0 32 32 -
}{
832 1120 32 32 64 0 32 32 -
}{
864 1120 32 32 64 0 32 32 -
}{
896 1120 32 32 64 0 32 32 -
}{
928 1120 32 32 64 0 32 32 -
}{
960 1120 32 32 64 0 32 32 -
}{
992 1120 32 32 64 0 32 32 -
}{
1024 1120 32 32 64 0 32 32 -
}{
1056 1120 32 32 64 0 32 32 -
}{
1088 1120 32 32 64 0 32 32 -
}{
1120 1120 32 32 64 0 32 32 -
}{
1152 1120 32 32 64 0 32 32 -
}{
1184 1120 32 32 64 0 32 32 -
}{
1216 1120 32 32 64 0 32 32 -
}{
1248 1120 32 32 64 0 32 32 -
}{
1280 1120 32 32 64 0 32 32 -
}{
1312 1120 32 32 32 0 32 32 -
}{
1344 1120 32 32 32 0 32 32 -
}{
1376 1120 32 32 32 0 32 32 -
}{
1408 1120 32 32 32 0 32 32 -
}{
1440 1120 32 32 32 0 32 32 -
}{
1472 1120 32 32 32 0 32 32 -
}{
1504 1120 32 32 32 0 32 32 -
}{
1536 1120 32 32 32 0 32 32 -
}{
1568 1120 32 32 0 0 32 32 +
}{
0 1152 32 32 0 0 32 32 +
}{
32 1152 32 32 64 0 32 32 -
}{
64 1152 32 32 64 0 32 32 -
}{
96 1152 32 32 64 0 32 32 -
}{
128 1152 32 32 64 0 32 32 -
}{
160 1152 32 32 64 0 32 32 -
}{
192 1152 32 32 64 0 32 32 -
}{
224 1152 32 32 64 0 32 32 -
}{
256 1152 32 32 64 0 32 32 -
}{
288 1152 32 32 64 0 32 32 -
}{
320 1152 32 32 64 0 32 32 -
}{
352 1152 32 32 64 0 32 32 -
}{
384 1152 32 32 64 0 32 32 -
}{
416 1152 32 32 64 0 32 32 -
}{
448 1152 32 32 64 0 32 32 -
}{
480 1152 32 32 64 0 32 32 -
}{
512 1152 32 32 64 0 32 32 -
}{
544 1152 32 32 64 0 32 32 -
}{
576 1152 32 32 64 0 32 32 -
}{
608 1152 32 32 64 0 32 32 -
}{
640 1152 32 32 64 0 32 32 -
}{
672 1152 32 32 64 0 32 32 -
}{
704 1152 32 32 64 0 32 32 -
}{
736 1152 32 32 64 0 32 32 -
}{
768 1152 32 32 64 0 32 32 -
}{
800 1152 32 32 64 0 32 32 -
}{
832 1152 32 32 64 0 32 32 -
}{
864 1152 32 32 64 0 32 32 -
}{
896 1152 32 32 64 0 32 32 -
}{
928 1152 32 32 64 0 32 32 -
}{
960 1152 32 32 64 0 32 32 -
}{
992 1152 32 32 64 0 32 32 -
}{
1024 1152 32 32 64 0 32 32 -
}{
1056 1152 32 32 64 0 32 32 -
}{
1088 1152 32 32 64 0 32 32 -
}{
1120 1152 32 32 64 0 32 32 -
}{
1152 1152 32 32 64 0 32 32 -
}{
1184 1152 32 32 64 0 32 32 -
}{
1216 1152 32 32 64 0 32 32 -
}{
1248 1152 32 32 64 0 32 32 -
}{
1280 1152 32 32 64 0 32 32 -
}{
1312 1152 32 32 32 0 32 32 -
}{
1344 1152 32 32 32 0 32 32 -
}{
1376 1152 32 32 32 0 32 32 -
}{
1408 1152 32 32 32 0 32 32 -
}{
1440 1152 32 32 32 0 32 32 -
}{
1472 1152 32 32 32 0 32 32 -
}{
1504 1152 32 32 32 0 32 32 -
}{
1536 1152 32 32 32 0 32 32 -
}{
1568 1152 32 32 0 0 32 32 +
}{
0 1184 32 32 0 0 32 32 +
}{
32 1184 32 32 64 0 32 32 -
}{
64 1184 32 32 64 0 32 32 -
}{
96 1184 32 32 64 0 32 32 -
}{
128 1184 32 32 64 0 32 32 -
}{
160 1184 32 32 0 0 32 32 +
}{
192 1184 32 32 64 0 32 32 -
}{
224 1184 32 32 64 0 32 32 -
}{
256 1184 32 32 64 0 32 32 -
}{
288 1184 32 32 64 0 32 32 -
}{
320 1184 32 32 64 0 32 32 -
}{
352 1184 32 32 64 0 32 32 -
}{
384 1184 32 32 64 0 32 32 -
}{
416 1184 32 32 64 0 32 32 -
}{
448 1184 32 32 64 0 32 32 -
}{
480 1184 32 32 64 0 32 32 -
}{
512 1184 32 32 64 0 32 32 -
}{
544 1184 32 32 64 0 32 32 -
}{
576 1184 32 32 64 0 32 32 -
}{
608 1184 32 32 64 0 32 32 -
}{
640 1184 32 32 64 0 32 32 -
}{
672 1184 32 32 64 0 32 32 -
}{
704 1184 32 32 64 0 32 32 -
}{
736 1184 32 32 64 0 32 32 -
}{
768 1184 32 32 64 0 32 32 -
}{
800 1184 32 32 64 0 32 32 -
}{
832 1184 32 32 64 0 32 32 -
}{
864 1184 32 32 64 0 32 32 -
}{
896 1184 32 32 64 0 32 32 -
}{
928 1184 32 32 64 0 32 32 -
}{
960 1184 32 32 64 0 32 32 -
}{
992 1184 32 32 64 0 32 32 -
}{
1024 1184 32 32 64 0 32 32 -
}{
1056 1184 32 32 64 0 32 32 -
}{
1088 1184 32 32 64 0 32 32 -
}{
1120 1184 32 32 64 0 32 32 -
}{
1152 1184 32 32 64 0 32 32 -
}{
1184 1184 32 32 64 0 32 32 -
}{
1216 1184 32 32 64 0 32 32 -
}{
1248 1184 32 32 64 0 32 32 -
}{
1280 1184 32 32 64 0 32 32 -
}{
1312 1184 32 32 32 0 32 32 -
}{
1344 1184 32 32 32 0 32 32 -
}{
1376 1184 32 32 32 0 32 32 -
}{
1408 1184 32 32 32 0 32 32 -
}{
1440 1184 32 32 32 0 32 32 -
}{
1472 1184 32 32 32 0 32 32 -
}{
1504 1184 32 32 32 0 32 32 -
}{
1536 1184 32 32 32 0 32 32 -
}{
1568 1184 32 32 0 0 32 32 +
}{
0 1216 32 32 0 0 32 32 +
}{
32 1216 32 32 0 0 32 32 +
}{
64 1216 32 32 0 0 32 32 +
}{
96 1216 32 32 0 0 32 32 +
}{
128 1216 32 32 0 0 32 32 +
}{
160 1216 32 32 0 0 32 32 +
}{
192 1216 32 32 64 0 32 32 -
}{
224 1216 32 32 64 0 32 32 -
}{
256 1216 32 32 64 0 32 32 -
}{
288 1216 32 32 64 0 32 32 -
}{
320 1216 32 32 64 0 32 32 -
}{
352 1216 32 32 64 0 32 32 -
}{
384 1216 32 32 64 0 32 32 -
}{
416 1216 32 32 64 0 32 32 -
}{
448 1216 32 32 64 0 32 32 -
}{
480 1216 32 32 0 0 32 32 +
}{
512 1216 32 32 64 0 32 32 -
}{
544 1216 32 32 64 0 32 32 -
}{
576 1216 32 32 64 0 32 32 -
}{
608 1216 32 32 64 0 32 32 -
}{
640 1216 32 32 64 0 32 32 -
}{
672 1216 32 32 64 0 32 32 -
}{
704 1216 32 32 64 0 32 32 -
}{
736 1216 32 32 64 0 32 32 -
}{
768 1216 32 32 64 0 32 32 -
}{
800 1216 32 32 64 0 32 32 -
}{
832 1216 32 32 64 0 32 32 -
}{
864 1216 32 32 64 0 32 32 -
}{
896 1216 32 32 64 0 32 32 -
}{
928 1216 32 32 64 0 32 32 -
}{
960 1216 32 32 64 0 32 32 -
}{
992 1216 32 32 64 0 32 32 -
}{
1024 1216 32 32 64 0 32 32 -
}{
1056 1216 32 32 64 0 32 32 -
}{
1088 1216 32 32 64 0 32 32 -
}{
1120 1216 32 32 64 0 32 32 -
}{
1152 1216 32 32 64 0 32 32 -
}{
1184 1216 32 32 64 0 32 32 -
}{
1216 1216 32 32 64 0 32 32 -
}{
1248 1216 32 32 64 0 32 32 -
}{
1280 1216 32 32 64 0 32 32 -
}{
1312 1216 32 32 32 0 32 32 -
}{
1344 1216 32 32 32 0 32 32 -
}{
1376 1216 32 32 32 0 32 32 -
}{
1408 1216 32 32 32 0 32 32 -
}{
1440 1216 32 32 32 0 32 32 -
}{
1472 1216 32 32 32 0 32 32 -
}{
1504 1216 32 32 32 0 32 32 -
}{
1536 1216 32 32 32 0 32 32 -
}{
1568 1216 32 32 0 0 32 32 +
}{
128 1248 32 32 0 0 32 32 +
}{
160 1248 32 32 0 0 32 32 +
}{
192 1248 32 32 64 0 32 32 -
}{
224 1248 32 32 64 0 32 32 -
}{
256 1248 32 32 64 0 32 32 -
}{
288 1248 32 32 0 0 32 32 +
}{
320 1248 32 32 0 0 32 32 +
}{
352 1248 32 32 0 0 32 32 +
}{
384 1248 32 32 0 0 32 32 +
}{
416 1248 32 32 0 0 32 32 +
}{
448 1248 32 32 0 0 32 32 +
}{
480 1248 32 32 0 0 32 32 +
}{
512 1248 32 32 64 0 32 32 -
}{
544 1248 32 32 64 0 32 32 -
}{
576 1248 32 32 64 0 32 32 -
}{
608 1248 32 32 64 0 32 32 -
}{
640 1248 32 32 64 0 32 32 -
}{
672 1248 32 32 64 0 32 32 -
}{
704 1248 32 32 64 0 32 32 -
}{
736 1248 32 32 64 0 32 32 -
}{
768 1248 32 32 64 0 32 32 -
}{
800 1248 32 32 64 0 32 32 -
}{
832 1248 32 32 64 0 32 32 -
}{
864 1248 32 32 64 0 32 32 -
}{
896 1248 32 32 64 0 32 32 -
}{
928 1248 32 32 64 0 32 32 -
}{
960 1248 32 32 64 0 32 32 -
}{
992 1248 32 32 64 0 32 32 -
}{
1024 1248 32 32 64 0 32 32 -
}{
1056 1248 32 32 64 0 32 32 -
}{
1088 1248 32 32 64 0 32 32 -
}{
1120 1248 32 32 64 0 32 32 -
}{
1152 1248 32 32 64 0 32 32 -
}{
1184 1248 32 32 64 0 32 32 -
}{
1216 1248 32 32 64 0 32 32 -
}{
1248 1248 32 32 64 0 32 32 -
}{
1280 1248 32 32 64 0 32 32 -
}{
1312 1248 32 32 32 0 32 32 -
}{
1344 1248 32 32 32 0 32 32 -
}{
1376 1248 32 32 32 0 32 32 -
}{
1408 1248 32 32 32 0 32 32 -
}{
1440 1248 32 32 32 0 32 32 -
}{
1472 1248 32 32 32 0 32 32 -
}{
1504 1248 32 32 32 0 32 32 -
}{
1536 1248 32 32 32 0 32 32 -
}{
1568 1248 32 32 0 0 32 32 +
}{
128 1280 32 32 0 0 32 32 +
}{
160 1280 32 32 64 0 32 32 -
}{
192 1280 32 32 64 0 32 32 -
}{
224 1280 32 32 64 0 32 32 -
}{
256 1280 32 32 64 0 32 32 -
}{
288 1280 32 32 64 0 32 32 -
}{
320 1280 32 32 0 0 32 32 +
}{
480 1280 32 32 0 0 32 32 +
}{
512 1280 32 32 64 0 32 32 -
}{
544 1280 32 32 64 0 32 32 -
}{
576 1280 32 32 64 0 32 32 -
}{
608 1280 32 32 64 0 32 32 -
}{
640 1280 32 32 64 0 32 32 -
}{
672 1280 32 32 64 0 32 32 -
}{
704 1280 32 32 64 0 32 32 -
}{
736 1280 32 32 64 0 32 32 -
}{
768 1280 32 32 64 0 32 32 -
}{
800 1280 32 32 64 0 32 32 -
}{
832 1280 32 32 64 0 32 32 -
}{
864 1280 32 32 64 0 32 32 -
}{
896 1280 32 32 64 0 32 32 -
}{
928 1280 32 32 64 0 32 32 -
}{
960 1280 32 32 64 0 32 32 -
}{
992 1280 32 32 64 0 32 32 -
}{
1024 1280 32 32 64 0 32 32 -
}{
1056 1280 32 32 64 0 32 32 -
}{
1088 1280 32 32 64 0 32 32 -
}{
1120 1280 32 32 64 0 32 32 -
}{
1152 1280 32 32 64 0 32 32 -
}{
1184 1280 32 32 64 0 32 32 -
}{
1216 1280 32 32 64 0 32 32 -
}{
1248 1280 32 32 64 0 32 32 -
}{
1280 1280 32 32 64 0 32 32 -
}{
1312 1280 32 32 32 0 32 32 -
}{
1344 1280 32 32 32 0 32 32 -
}{
1376 1280 32 32 32 0 32 32 -
}{
1408 1280 32 32 32 0 32 32 -
}{
1440 1280 32 32 32 0 32 32 -
}{
1472 1280 32 32 32 0 32 32 -
}{
1504 1280 32 32 32 0 32 32 -
}{
1536 1280 32 32 32 0 32 32 -
}{
1568 1280 32 32 0 0 32 32 +
}{
128 1312 32 32 0 0 32 32 +
}{
160 1312 32 32 64 0 32 32 -
}{
192 1312 32 32 64 0 32 32 -
}{
224 1312 32 32 64 0 32 32 -
}{
256 1312 32 32 64 0 32 32 -
}{
288 1312 32 32 64 0 32 32 -
}{
320 1312 32 32 0 0 32 32 +
}{
480 1312 32 32 0 0 32 32 +
}{
512 1312 32 32 64 0 32 32 -
}{
544 1312 32 32 64 0 32 32 -
}{
576 1312 32 32 64 0 32 32 -
}{
608 1312 32 32 64 0 32 32 -
}{
640 1312 32 32 64 0 32 32 -
}{
672 1312 32 32 64 0 32 32 -
}{
704 1312 32 32 64 0 32 32 -
}{
736 1312 32 32 0 0 32 32 +
}{
768 1312 32 32 64 0 32 32 -
}{
800 1312 32 32 64 0 32 32 -
}{
832 1312 32 32 64 0 32 32 -
}{
864 1312 32 32 64 0 32 32 -
}{
896 1312 32 32 64 0 32 32 -
}{
928 1312 32 32 64 0 32 32 -
}{
960 1312 32 32 64 0 32 32 -
}{
992 1312 32 32 64 0 32 32 -
}{
1024 1312 32 32 64 0 32 32 -
}{
1056 1312 32 32 64 0 32 32 -
}{
1088 1312 32 32 64 0 32 32 -
}{
1120 1312 32 32 64 0 32 32 -
}{
1152 1312 32 32 64 0 32 32 -
}{
1184 1312 32 32 64 0 32 32 -
}{
1216 1312 32 32 64 0 32 32 -
}{
1248 1312 32 32 64 0 32 32 -
}{
1280 1312 32 32 64 0 32 32 -
}{
1312 1312 32 32 0 0 32 32 +
}{
1344 1312 32 32 32 0 32 32 -
}{
1376 1312 32 32 32 0 32 32 -
}{
1408 1312 32 32 32 0 32 32 -
}{
1440 1312 32 32 32 0 32 32 -
}{
1472 1312 32 32 32 0 32 32 -
}{
1504 1312 32 32 32 0 32 32 -
}{
1536 1312 32 32 32 0 32 32 -
}{
1568 1312 32 32 0 0 32 32 +
}{
128 1344 32 32 0 0 32 32 +
}{
160 1344 32 32 64 0 32 32 -
}{
192 1344 32 32 64 0 32 32 -
}{
224 1344 32 32 64 0 32 32 -
}{
256 1344 32 32 64 0 32 32 -
}{
288 1344 32 32 64 0 32 32 -
}{
320 1344 32 32 0 0 32 32 +
}{
480 1344 32 32 0 0 32 32 +
}{
512 1344 32 32 0 0 32 32 +
}{
544 1344 32 32 0 0 32 32 +
}{
576 1344 32 32 0 0 32 32 +
}{
608 1344 32 32 0 0 32 32 +
}{
640 1344 32 32 0 0 32 32 +
}{
672 1344 32 32 0 0 32 32 +
}{
704 1344 32 32 0 0 32 32 +
}{
736 1344 32 32 0 0 32 32 +
}{
768 1344 32 32 0 0 32 32 +
}{
800 1344 32 32 0 0 32 32 +
}{
832 1344 32 32 32 0 32 32 -
}{
864 1344 32 32 32 0 32 32 -
}{
896 1344 32 32 32 0 32 32 -
}{
928 1344 32 32 32 0 32 32 -
}{
960 1344 32 32 0 0 32 32 +
}{
992 1344 32 32 0 0 32 32 +
}{
1024 1344 32 32 64 0 32 32 -
}{
1056 1344 32 32 64 0 32 32 -
}{
1088 1344 32 32 64 0 32 32 -
}{
1120 1344 32 32 64 0 32 32 -
}{
1152 1344 32 32 64 0 32 32 -
}{
1184 1344 32 32 64 0 32 32 -
}{
1216 1344 32 32 64 0 32 32 -
}{
1248 1344 32 32 64 0 32 32 -
}{
1280 1344 32 32 64 0 32 32 -
}{
1312 1344 32 32 0 0 32 32 +
}{
1344 1344 32 32 0 0 32 32 +
}{
1376 1344 32 32 0 0 32 32 +
}{
1408 1344 32 32 0 0 32 32 +
}{
1440 1344 32 32 0 0 32 32 +
}{
1472 1344 32 32 0 0 32 32 +
}{
1504 1344 32 32 0 0 32 32 +
}{
1536 1344 32 32 0 0 32 32 +
}{
1568 1344 32 32 0 0 32 32 +
}{
128 1376 32 32 0 0 32 32 +
}{
160 1376 32 32 64 0 32 32 -
}{
192 1376 32 32 64 0 32 32 -
}{
224 1376 32 32 64 0 32 32 -
}{
256 1376 32 32 64 0 32 32 -
}{
288 1376 32 32 64 0 32 32 -
}{
320 1376 32 32 0 0 32 32 +
}{
768 1376 32 32 0 0 32 32 +
}{
800 1376 32 32 32 0 32 32 -
}{
832 1376 32 32 32 0 32 32 -
}{
864 1376 32 32 32 0 32 32 -
}{
896 1376 32 32 32 0 32 32 -
}{
928 1376 32 32 32 0 32 32 -
}{
960 1376 32 32 32 0 32 32 -
}{
992 1376 32 32 0 0 32 32 +
}{
1024 1376 32 32 0 0 32 32 +
}{
1056 1376 32 32 0 0 32 32 +
}{
1088 1376 32 32 32 0 32 32 -
}{
1120 1376 32 32 32 0 32 32 -
}{
1152 1376 32 32 32 0 32 32 -
}{
1184 1376 32 32 32 0 32 32 -
}{
1216 1376 32 32 32 0 32 32 -
}{
1248 1376 32 32 32 0 32 32 -
}{
1280 1376 32 32 32 0 32 32 -
}{
1312 1376 32 32 0 0 32 32 +
}{
1344 1376 32 32 0 0 32 32 +
}{
128 1408 32 32 0 0 32 32 +
}{
160 1408 32 32 64 0 32 32 -
}{
192 1408 32 32 64 0 32 32 -
}{
224 1408 32 32 64 0 32 32 -
}{
256 1408 32 32 64 0 32 32 -
}{
288 1408 32 32 64 0 32 32 -
}{
320 1408 32 32 0 0 32 32 +
}{
768 1408 32 32 0 0 32 32 +
}{
800 1408 32 32 32 0 32 32 -
}{
832 1408 32 32 32 0 32 32 -
}{
864 1408 32 32 32 0 32 32 -
}{
896 1408 32 32 32 0 32 32 -
}{
928 1408 32 32 32 0 32 32 -
}{
960 1408 32 32 32 0 32 32 -
}{
992 1408 32 32 0 0 32 32 +
}{
1024 1408 32 32 0 0 32 32 +
}{
1056 1408 32 32 32 0 32 32 -
}{
1088 1408 32 32 32 0 32 32 -
}{
1120 1408 32 32 32 0 32 32 -
}{
1152 1408 32 32 32 0 32 32 -
}{
1184 1408 32 32 32 0 32 32 -
}{
1216 1408 32 32 32 0 32 32 -
}{
1248 1408 32 32 32 0 32 32 -
}{
1280 1408 32 32 32 0 32 32 -
}{
1312 1408 32 32 32 0 32 32 -
}{
1344 1408 32 32 0 0 32 32 +
}{
128 1440 32 32 0 0 32 32 +
}{
160 1440 32 32 64 0 32 32 -
}{
192 1440 32 32 64 0 32 32 -
}{
224 1440 32 32 64 0 32 32 -
}{
256 1440 32 32 64 0 32 32 -
}{
288 1440 32 32 64 0 32 32 -
}{
320 1440 32 32 0 0 32 32 +
}{
768 1440 32 32 0 0 32 32 +
}{
800 1440 32 32 32 0 32 32 -
}{
832 1440 32 32 32 0 32 32 -
}{
864 1440 32 32 32 0 32 32 -
}{
896 1440 32 32 32 0 32 32 -
}{
928 1440 32 32 32 0 32 32 -
}{
960 1440 32 32 32 0 32 32 -
}{
992 1440 32 32 0 0 32 32 +
}{
1024 1440 32 32 0 0 32 32 +
}{
1056 1440 32 32 32 0 32 32 -
}{
1088 1440 32 32 32 0 32 32 -
}{
1120 1440 32 32 32 0 32 32 -
}{
1152 1440 32 32 32 0 32 32 -
}{
1184 1440 32 32 32 0 32 32 -
}{
1216 1440 32 32 32 0 32 32 -
}{
1248 1440 32 32 32 0 32 32 -
}{
1280 1440 32 32 32 0 32 32 -
}{
1312 1440 32 32 32 0 32 32 -
}{
1344 1440 32 32 0 0 32 32 +
}{
128 1472 32 32 0 0 32 32 +
}{
160 1472 32 32 64 0 32 32 -
}{
192 1472 32 32 64 0 32 32 -
}{
224 1472 32 32 64 0 32 32 -
}{
256 1472 32 32 64 0 32 32 -
}{
288 1472 32 32 64 0 32 32 -
}{
320 1472 32 32 0 0 32 32 +
}{
768 1472 32 32 0 0 32 32 +
}{
800 1472 32 32 32 0 32 32 -
}{
832 1472 32 32 32 0 32 32 -
}{
864 1472 32 32 32 0 32 32 -
}{
896 1472 32 32 32 0 32 32 -
}{
928 1472 32 32 32 0 32 32 -
}{
960 1472 32 32 32 0 32 32 -
}{
992 1472 32 32 0 0 32 32 +
}{
1024 1472 32 32 0 0 32 32 +
}{
1056 1472 32 32 32 0 32 32 -
}{
1088 1472 32 32 32 0 32 32 -
}{
1120 1472 32 32 32 0 32 32 -
}{
1152 1472 32 32 32 0 32 32 -
}{
1184 1472 32 32 32 0 32 32 -
}{
1216 1472 32 32 32 0 32 32 -
}{
1248 1472 32 32 32 0 32 32 -
}{
1280 1472 32 32 32 0 32 32 -
}{
1312 1472 32 32 32 0 32 32 -
}{
1344 1472 32 32 0 0 32 32 +
}{
128 1504 32 32 0 0 32 32 +
}{
160 1504 32 32 64 0 32 32 -
}{
192 1504 32 32 64 0 32 32 -
}{
224 1504 32 32 64 0 32 32 -
}{
256 1504 32 32 64 0 32 32 -
}{
288 1504 32 32 64 0 32 32 -
}{
320 1504 32 32 0 0 32 32 +
}{
768 1504 32 32 0 0 32 32 +
}{
800 1504 32 32 32 0 32 32 -
}{
832 1504 32 32 32 0 32 32 -
}{
864 1504 32 32 32 0 32 32 -
}{
896 1504 32 32 32 0 32 32 -
}{
928 1504 32 32 32 0 32 32 -
}{
960 1504 32 32 32 0 32 32 -
}{
992 1504 32 32 0 0 32 32 +
}{
1024 1504 32 32 0 0 32 32 +
}{
1056 1504 32 32 32 0 32 32 -
}{
1088 1504 32 32 32 0 32 32 -
}{
1120 1504 32 32 32 0 32 32 -
}{
1152 1504 32 32 32 0 32 32 -
}{
1184 1504 32 32 32 0 32 32 -
}{
1216 1504 32 32 32 0 32 32 -
}{
1248 1504 32 32 32 0 32 32 -
}{
1280 1504 32 32 32 0 32 32 -
}{
1312 1504 32 32 32 0 32 32 -
}{
1344 1504 32 32 0 0 32 32 +
}{
128 1536 32 32 0 0 32 32 +
}{
160 1536 32 32 0 0 32 32 +
}{
192 1536 32 32 0 0 32 32 +
}{
224 1536 32 32 0 0 32 32 +
}{
256 1536 32 32 0 0 32 32 +
}{
288 1536 32 32 0 0 32 32 +
}{
320 1536 32 32 0 0 32 32 +
}{
768 1536 32 32 0 0 32 32 +
}{
800 1536 32 32 0 0 32 32 +
}{
832 1536 32 32 0 0 32 32 +
}{
864 1536 32 32 0 0 32 32 +
}{
896 1536 32 32 0 0 32 32 +
}{
928 1536 32 32 0 0 32 32 +
}{
960 1536 32 32 0 0 32 32 +
}{
992 1536 32 32 0 0 32 32 +
}{
1024 1536 32 32 0 0 32 32 +
}{
1056 1536 32 32 0 0 32 32 +
}{
1088 1536 32 32 0 0 32 32 +
}{
1120 1536 32 32 0 0 32 32 +
}{
1152 1536 32 32 0 0 32 32 +
}{
1184 1536 32 32 0 0 32 32 +
}{
1216 1536 32 32 0 0 32 32 +
}{
1248 1536 32 32 0 0 32 32 +
}{
1280 1536 32 32 0 0 32 32 +
}{
1312 1536 32 32 0 0 32 32 +
}{
1344 1536 32 32 0 0 32 32 +
}